
100	0.00102493
200	0.00214876
300	0.00314948
400	0.00436875
500	0.00563
600	0.00607311
700	0.00670389
800	0.0071868
900	0.00881039
1000	0.00827434
1100	0.00833347
1200	0.00925207
1300	0.00926316
1400	0.00958203
1500	0.0106632
1600	0.0079208
1700	0.00913694
1800	0.00926085
1900	0.00982325
2000	0.0108138
2100	0.0108669
2200	0.011381
2300	0.0113546
2400	0.0122005
2500	0.0129545
2600	0.0137576
2700	0.0142405
2800	0.014381
2900	0.0147831
3000	0.0160045
3100	0.0163899
3200	0.017167
3300	0.0179112
3400	0.0180726
3500	0.0192623
3600	0.0201174
3700	0.0192683
3800	0.0198502
3900	0.0208352
4000	0.0199139
4100	0.0212709
4200	0.0327361
4300	0.0254135
4400	0.0237359
4500	0.0254642
4600	0.0251933
4700	0.0260686
4800	0.0261535
4900	0.0269687
5000	0.0269309
5100	0.0428814
5200	0.0355239
5300	0.0333403
5400	0.0293631
5500	0.029614
5600	0.0302691
5700	0.0304247
5800	0.0312399
5900	0.0350029
6000	0.0326261
6100	0.0329002
6200	0.0448896
6300	0.0352564
6400	0.0347669
6500	0.0348189
6600	0.0352295
6700	0.0351191
6800	0.0360177
6900	0.0375752
7000	0.0382406
7100	0.0393003
7200	0.039382
7300	0.0383013
7400	0.0383756
7500	0.0402785
7600	0.0407352
7700	0.0424281
7800	0.0423339
7900	0.0439509
8000	0.0701394
8100	0.0763003
8200	0.0692099
8300	0.0500785
8400	0.0463057
8500	0.0460506
8600	0.0469358
8700	0.075491
8800	0.0889235
8900	0.0853011
9000	0.0624188
9100	0.0509104
9200	0.0755446
9300	0.0901632
9400	0.0943368
9500	0.0871066
9600	0.0712897
9700	0.0581761
9800	0.053346
9900	0.0540755
10000	0.0818866
10100	0.0646585
10200	0.103382
10300	0.0932476
10400	0.109433
10500	0.101978
10600	0.0711379
10700	0.0905903
10800	0.0945981
10900	0.0824232
11000	0.108103
11100	0.108351
11200	0.11567
11300	0.104416
11400	0.105926
11500	0.1126
11600	0.0755186
11700	0.0665932
11800	0.065492
11900	0.070528
12000	0.0669595
12100	0.0934547
12200	0.0717368
12300	0.0691385
12400	0.068261
12500	0.071218
12600	0.0702087
12700	0.104265
12800	0.0757695
12900	0.06991
13000	0.0706954
13100	0.103375
13200	0.0809397
13300	0.0751061
13400	0.110413
13500	0.116276
13600	0.0818878
13700	0.129907
13800	0.129887
13900	0.0880973
14000	0.135514
14100	0.0848189
14200	0.11553
14300	0.115983
14400	0.124662
14500	0.12191
14600	0.122512
14700	0.0805878
14800	0.0828793
14900	0.0826191
15000	0.0837529
15100	0.117462
15200	0.128704
15300	0.0886011
15400	0.087143
15500	0.119266
15600	0.0888983
15700	0.111403
15800	0.0868994
15900	0.0899926
16000	0.0922511
16100	0.0912686
16200	0.0888918
16300	0.0900213
16400	0.12785
16500	0.0962927
16600	0.0918425
16700	0.0922417
16800	0.090893
16900	0.0962296
17000	0.149878
17100	0.102719
17200	0.0951942
17300	0.0985585
17400	0.0971575
17500	0.0986345
17600	0.102583
17700	0.157627
17800	0.159367
17900	0.145648
18000	0.12691
18100	0.122386
18200	0.165868
18300	0.15099
18400	0.145297
18500	0.146152
18600	0.154871
18700	0.110207
18800	0.133154
18900	0.164558
19000	0.161504
19100	0.155277
19200	0.10844
19300	0.160297
19400	0.169213
19500	0.164479
19600	0.160708
19700	0.112857
19800	0.109512
19900	0.113551
20000	0.110913
20100	0.111562
20200	0.12116
20300	0.167008
20400	0.175693
20500	0.146929
20600	0.116528
20700	0.112666
20800	0.115727
20900	0.115512
21000	0.124975
21100	0.172372
21200	0.160869
21300	0.11915
21400	0.17779
21500	0.175338
21600	0.182281
21700	0.121056
21800	0.177226
21900	0.175604
22000	0.120688
22100	0.162397
22200	0.143485
22300	0.149971
22400	0.147993
22500	0.166807
22600	0.17744
22700	0.129027
22800	0.13381
22900	0.132157
23000	0.163436
23100	0.183447
23200	0.193248
23300	0.191236
23400	0.129704
23500	0.138847
23600	0.188789
23700	0.165109
23800	0.176462
23900	0.182491
24000	0.137135
24100	0.173222
24200	0.198799
24300	0.161066
24400	0.141424
24500	0.173195
24600	0.139714
24700	0.14088
24800	0.13965
24900	0.20399
25000	0.141385
25100	0.140416
25200	0.167557
25300	0.190888
25400	0.200359
25500	0.152013
25600	0.17705
25700	0.182044
25800	0.197906
25900	0.197669
26000	0.211905
26100	0.206434
26200	0.188034
26300	0.188663
26400	0.187572
26500	0.199552
26600	0.196475
26700	0.199012
26800	0.204523
26900	0.153693
27000	0.204931
27100	0.181582
27200	0.194646
27300	0.209283
27400	0.151
27500	0.214352
27600	0.161526
27700	0.16297
27800	0.20282
27900	0.20442
28000	0.189121
28100	0.1595
28200	0.21712
28300	0.160711
28400	0.224905
28500	0.161375
28600	0.161235
28700	0.165559
28800	0.166447
28900	0.168392
29000	0.205744
29100	0.210605
29200	0.182526
29300	0.222557
29400	0.168491
29500	0.214652
29600	0.204431
29700	0.23491
29800	0.174931
29900	0.175278
30000	0.173395
30100	0.224061
30200	0.232004
30300	0.217991
30400	0.17055
30500	0.22993
30600	0.237161
30700	0.237671
30800	0.231393
30900	0.194017
31000	0.232602
31100	0.217396
31200	0.233413
31300	0.239685
31400	0.216343
31500	0.239185
31600	0.182116
31700	0.225539
31800	0.249513
31900	0.18248
32000	0.22018
32100	0.236152
32200	0.236794
32300	0.22448
32400	0.194064
32500	0.181725
32600	0.220928
32700	0.224531
32800	0.246317
32900	0.19826
33000	0.189413
33100	0.209099
33200	0.186733
33300	0.19632
33400	0.195746
33500	0.216931
33600	0.241588
33700	0.23847
33800	0.252308
33900	0.197937
34000	0.198235
34100	0.250954
34200	0.211469
34300	0.255907
34400	0.201904
34500	0.243184
34600	0.240984
34700	0.201017
34800	0.19935
34900	0.207537
35000	0.26285
35100	0.250689
35200	0.197859
35300	0.244232
35400	0.199366
35500	0.250442
35600	0.205015
35700	0.263574
35800	0.252686
35900	0.235796
36000	0.263828
36100	0.243086
36200	0.267573
36300	0.21041
36400	0.267779
36500	0.270952
36600	0.272742
36700	0.220035
36800	0.246268
36900	0.20811
37000	0.273847
37100	0.273776
37200	0.251885
37300	0.289467
37400	0.267958
37500	0.28007
37600	0.221067
37700	0.257628
37800	0.274314
37900	0.213045
38000	0.266186
38100	0.217643
38200	0.218999
38300	0.223158
38400	0.283444
38500	0.263314
38600	0.274233
38700	0.219013
38800	0.27304
38900	0.232859
39000	0.228376
39100	0.259697
39200	0.269223
39300	0.225182
39400	0.246251
39500	0.288196
39600	0.281543
39700	0.242702
39800	0.289715
39900	0.228956
40000	0.234048
40100	0.239197
40200	0.271881
40300	0.271679
40400	0.273137
40500	0.237545
40600	0.22811
40700	0.272963
40800	0.283335
40900	0.255801
41000	0.275834
41100	0.269756
41200	0.270428
41300	0.238167
41400	0.286768
41500	0.288555
41600	0.274899
41700	0.241862
41800	0.243182
41900	0.244996
42000	0.243591
42100	0.242188
42200	0.286929
42300	0.320898
42400	0.377826
42500	0.295556
42600	0.276968
42700	0.328047
42800	0.29609
42900	0.257321
43000	0.311813
43100	0.249466
43200	0.247809
43300	0.305008
43400	0.254693
43500	0.246325
43600	0.28681
43700	0.294831
43800	0.262025
43900	0.315737
44000	0.253206
44100	0.309601
44200	0.327038
44300	0.292493
44400	0.293775
44500	0.303375
44600	0.264252
44700	0.308479
44800	0.258453
44900	0.311471
45000	0.307377
45100	0.337141
45200	0.264545
45300	0.318851
45400	0.318689
45500	0.322637
45600	0.292034
45700	0.276516
45800	0.314271
45900	0.282319
46000	0.264555
46100	0.321086
46200	0.311571
46300	0.318865
46400	0.266654
46500	0.274892
46600	0.266167
46700	0.272779
46800	0.278797
46900	0.268688
47000	0.272953
47100	0.268197
47200	0.282488
47300	0.271263
47400	0.28184
47500	0.273175
47600	0.271122
47700	0.283073
47800	0.287918
47900	0.281512
48000	0.2876
48100	0.337802
48200	0.283282
48300	0.289113
48400	0.326505
48500	0.279185
48600	0.284347
48700	0.280339
48800	0.288378
48900	0.322308
49000	0.348596
49100	0.331115
49200	0.331607
49300	0.282248
49400	0.301988
49500	0.347717
49600	0.341999
49700	0.344672
49800	0.34045
49900	0.320573
50000	0.331631
