
200	9.7718e-05
400	0.000206111
600	0.000295771
800	0.000427215
1000	0.000511517
1200	0.000643582
1400	0.000739838
1600	0.000822351
1800	0.000388459
2000	0.000563997
2200	0.000522787
2400	0.000564918
2600	0.000648708
2800	0.000690759
3000	0.000767106
3200	0.000804841
3400	0.00077852
3600	0.000910231
3800	0.000929166
4000	0.00105723
4200	0.00132206
4400	0.00112889
4600	0.00119995
4800	0.00124275
5000	0.00158162
5200	0.00134926
5400	0.00142988
5600	0.00144829
5800	0.0015799
6000	0.0015041
6200	0.00165791
6400	0.00165551
6600	0.00166106
6800	0.00174709
7000	0.00219802
7200	0.00190113
7400	0.0019702
7600	0.00200871
7800	0.00208262
8000	0.00215209
8200	0.00216307
8400	0.00226273
8600	0.00309341
8800	0.00260403
9000	0.00255635
9200	0.00247213
9400	0.00253627
9600	0.00264222
9800	0.00255442
10000	0.00258956
10200	0.00302043
10400	0.00283016
10600	0.00279402
10800	0.0030207
11000	0.00307182
11200	0.00308701
11400	0.00300683
11600	0.00407611
11800	0.00331934
12000	0.00337696
12200	0.00341806
12400	0.00358474
12600	0.00342988
12800	0.00381783
13000	0.00381651
13200	0.00365736
13400	0.00378541
13600	0.00384892
13800	0.00381746
14000	0.00452148
14200	0.00402134
14400	0.00399277
14600	0.00409869
14800	0.00427689
15000	0.00420728
15200	0.00440056
15400	0.0043831
15600	0.00435741
15800	0.0043299
16000	0.00448602
16200	0.00498067
16400	0.00477039
16600	0.00480172
16800	0.00495604
17000	0.00509018
17200	0.00532472
17400	0.00487576
17600	0.0049025
17800	0.00510333
18000	0.00535966
18200	0.00551694
18400	0.00930428
18600	0.00536479
18800	0.00777151
19000	0.00571865
19200	0.00664596
19400	0.00669069
19600	0.00588346
19800	0.00601152
20000	0.00576924
20200	0.00587811
20400	0.00609005
20600	0.00610876
20800	0.00616851
21000	0.00612052
21200	0.00666925
21400	0.00635317
21600	0.00645528
21800	0.00641552
22000	0.00649685
22200	0.00626793
22400	0.00636107
22600	0.00646038
22800	0.00664832
23000	0.00658196
23200	0.00683548
23400	0.00681457
23600	0.00672541
23800	0.0072042
24000	0.00686283
24200	0.00728588
24400	0.00698453
24600	0.00701506
24800	0.0118315
25000	0.0109988
25200	0.0104359
25400	0.0101002
25600	0.00947685
25800	0.00938847
26000	0.00838754
26200	0.0081835
26400	0.00826788
26600	0.00808383
26800	0.00789852
27000	0.00794886
27200	0.00790516
27400	0.00816911
27600	0.00810407
27800	0.00879539
28000	0.00842692
28200	0.00837935
28400	0.00838011
28600	0.00823856
28800	0.00833384
29000	0.00887977
29200	0.00848111
29400	0.00882125
29600	0.0092259
29800	0.00896658
30000	0.00924402
30200	0.00918617
30400	0.00903115
30600	0.00956652
30800	0.00928003
31000	0.00930138
31200	0.00988711
31400	0.00920124
31600	0.00994688
31800	0.00977656
32000	0.00950701
32200	0.00998945
32400	0.00964158
32600	0.00969811
32800	0.0106373
33000	0.010025
33200	0.010604
33400	0.0104608
33600	0.0105731
33800	0.011181
34000	0.0105436
34200	0.0106655
34400	0.011262
34600	0.0106619
34800	0.0111923
35000	0.0107659
35200	0.0111619
35400	0.0111541
35600	0.010654
35800	0.0112086
36000	0.010647
36200	0.0113003
36400	0.0112648
36600	0.0117722
36800	0.0222931
37000	0.0156643
37200	0.0139174
37400	0.0130184
37600	0.0125272
37800	0.0125676
38000	0.0117826
38200	0.0124055
38400	0.0117985
38600	0.0190601
38800	0.0122475
39000	0.0125795
39200	0.0234742
39400	0.0151077
39600	0.0148331
39800	0.0139895
40000	0.0221599
40200	0.0145747
40400	0.0143948
40600	0.0139195
40800	0.0138108
41000	0.0131221
41200	0.0127731
41400	0.0129439
41600	0.012533
41800	0.0131358
42000	0.0129126
42200	0.0133859
42400	0.0135656
42600	0.0130013
42800	0.0255102
43000	0.0226296
43200	0.0198837
43400	0.0171984
43600	0.016977
43800	0.0163581
44000	0.0150657
44200	0.0152388
44400	0.0140924
44600	0.0143153
44800	0.0135494
45000	0.013994
45200	0.0139966
45400	0.0141625
45600	0.013873
45800	0.0143147
46000	0.0138805
46200	0.0144068
46400	0.0139585
46600	0.0143624
46800	0.014706
47000	0.0150006
47200	0.0145662
47400	0.0147133
47600	0.0149699
47800	0.0145362
48000	0.0150388
48200	0.0150729
48400	0.0157139
48600	0.0151007
48800	0.0154184
49000	0.0147994
49200	0.0257237
49400	0.0221925
49600	0.0193798
49800	0.0185472
50000	0.0173847
50200	0.0171089
50400	0.0157999
50600	0.015923
50800	0.015612
51000	0.0158636
51200	0.0162966
51400	0.0156582
51600	0.0276817
51800	0.0209346
52000	0.0194201
52200	0.0178432
52400	0.0177726
52600	0.0170909
52800	0.0212822
53000	0.0190908
53200	0.0176712
53400	0.0167111
53600	0.017399
53800	0.0171421
54000	0.0173338
54200	0.0172615
54400	0.0165608
54600	0.0172202
54800	0.0169895
55000	0.0176411
55200	0.0182075
55400	0.0175746
55600	0.017891
55800	0.0184093
56000	0.0177492
56200	0.01789
56400	0.0184182
56600	0.0177603
56800	0.0179379
57000	0.0183906
57200	0.0181306
57400	0.0186546
57600	0.0185504
57800	0.0177101
58000	0.0186858
58200	0.0184757
58400	0.0178991
58600	0.0187264
58800	0.018995
59000	0.0186004
59200	0.0195466
59400	0.019228
59600	0.0181732
59800	0.019101
60000	0.0190736
60200	0.0185336
60400	0.0191882
60600	0.0192942
60800	0.0185293
61000	0.0196212
61200	0.0203659
61400	0.0199509
61600	0.0194755
61800	0.0200951
62000	0.0199161
62200	0.0191343
62400	0.0202514
62600	0.020549
62800	0.019685
63000	0.0196784
63200	0.0204144
63400	0.0205266
63600	0.019471
63800	0.0199911
64000	0.0205904
64200	0.0360918
64400	0.0276726
64600	0.0246906
64800	0.0231969
65000	0.0216397
65200	0.0353986
65400	0.0241096
65600	0.0223124
65800	0.0215792
66000	0.0229787
66200	0.036202
66400	0.0247116
66600	0.0240272
66800	0.0229288
67000	0.0214916
67200	0.0220696
67400	0.0224858
67600	0.0218707
67800	0.0215803
68000	0.0211932
68200	0.0218495
68400	0.022197
68600	0.0222872
68800	0.0221408
69000	0.0227162
69200	0.0381419
69400	0.0289702
69600	0.0253418
69800	0.0244234
70000	0.0337417
70200	0.024386
70400	0.0245621
70600	0.032928
70800	0.0293891
71000	0.0260534
71200	0.0240847
71400	0.0233644
71600	0.0233154
71800	0.0229674
72000	0.0228352
72200	0.0373113
72400	0.0379249
72600	0.0280656
72800	0.0263457
73000	0.0252864
73200	0.0320337
73400	0.0264388
73600	0.0246043
73800	0.023988
74000	0.0234688
74200	0.0239732
74400	0.0244405
74600	0.0310491
74800	0.0280644
75000	0.0258932
75200	0.0251573
75400	0.0245405
75600	0.0249451
75800	0.0247427
76000	0.0244002
76200	0.025533
76400	0.0258448
76600	0.0371325
76800	0.0284682
77000	0.026726
77200	0.0255547
77400	0.0257553
77600	0.0396307
77800	0.0358957
78000	0.0299015
78200	0.0269344
78400	0.0278077
78600	0.0263579
78800	0.0257855
79000	0.0262484
79200	0.0257494
79400	0.0258362
79600	0.0277979
79800	0.0276856
80000	0.0270676
80200	0.0267657
80400	0.0262939
80600	0.0261331
80800	0.0264058
81000	0.0265106
81200	0.0265003
81400	0.0264199
81600	0.0262989
81800	0.0271066
82000	0.0264583
82200	0.0271725
82400	0.0270026
82600	0.0405323
82800	0.0315697
83000	0.0289583
83200	0.0474803
83400	0.0343665
83600	0.0305201
83800	0.0281403
84000	0.0558297
84200	0.0421033
84400	0.034796
84600	0.0322773
84800	0.0291082
85000	0.028142
85200	0.0278946
85400	0.0403706
85600	0.031981
85800	0.0308134
86000	0.0284979
86200	0.0279348
86400	0.0281511
86600	0.02823
86800	0.0541617
87000	0.0477511
87200	0.0456195
87400	0.0378737
87600	0.0334542
87800	0.0313518
88000	0.0292247
88200	0.029765
88400	0.0450976
88600	0.0527066
88800	0.0369125
89000	0.0330938
89200	0.0302267
89400	0.0298482
89600	0.0298601
89800	0.0296926
90000	0.029666
90200	0.0294879
90400	0.0297158
90600	0.0298001
90800	0.0302572
91000	0.0300211
91200	0.0301509
91400	0.0300102
91600	0.031527
91800	0.0304454
92000	0.029791
92200	0.0299891
92400	0.0302426
92600	0.0480704
92800	0.0395649
93000	0.0351568
93200	0.0314991
93400	0.0304948
93600	0.0310965
93800	0.0312937
94000	0.0307573
94200	0.0308955
94400	0.0307746
94600	0.0316543
94800	0.0319016
95000	0.0319419
95200	0.0320072
95400	0.031498
95600	0.0319829
95800	0.0315325
96000	0.0316611
96200	0.0314922
96400	0.0323914
96600	0.0313609
96800	0.0317011
97000	0.0325065
97200	0.032795
97400	0.033209
97600	0.0321793
97800	0.032322
98000	0.0320584
98200	0.0324094
98400	0.0332791
98600	0.032294
98800	0.0335256
99000	0.0334696
99200	0.0334596
99400	0.0333751
99600	0.0555518
99800	0.0432348
100000	0.0601097
100200	0.04937
100400	0.0545221
100600	0.0449749
100800	0.0337718
101000	0.0340333
101200	0.0341585
101400	0.051154
101600	0.0419583
101800	0.0332109
102000	0.0334574
102200	0.0343758
102400	0.04384
102600	0.0366286
102800	0.0563926
103000	0.0487416
103200	0.0438882
103400	0.0401842
103600	0.0367118
103800	0.034651
104000	0.0343512
104200	0.0340881
104400	0.0340401
104600	0.0352642
104800	0.0357893
105000	0.0347774
105200	0.0345532
105400	0.0346522
105600	0.0344606
105800	0.034704
106000	0.0358931
106200	0.0612259
106400	0.0477949
106600	0.0592991
106800	0.0458256
107000	0.0584889
107200	0.0641712
107400	0.0661862
107600	0.0499435
107800	0.0580215
108000	0.0455892
108200	0.0399157
108400	0.0367296
108600	0.0365675
108800	0.0532377
109000	0.0606365
109200	0.0474785
109400	0.0403139
109600	0.0628568
109800	0.0481554
110000	0.0414858
110200	0.0377786
110400	0.053987
110600	0.0442245
110800	0.0386434
111000	0.0372829
111200	0.0374868
111400	0.0370184
111600	0.0365844
111800	0.0381746
112000	0.0644817
112200	0.0726673
112400	0.0706813
112600	0.0529079
112800	0.0437563
113000	0.0383394
113200	0.037069
113400	0.0376204
113600	0.03811
113800	0.0386054
114000	0.0376862
114200	0.0386061
114400	0.03798
114600	0.0388708
114800	0.0386758
115000	0.0394222
115200	0.0382284
115400	0.0389145
115600	0.0628131
115800	0.069118
116000	0.0684555
116200	0.0749263
116400	0.0753355
116600	0.0745471
116800	0.055275
117000	0.0711291
117200	0.0725217
117400	0.0538344
117600	0.0699404
117800	0.0746808
118000	0.0758971
118200	0.0542718
118400	0.0451521
118600	0.041263
118800	0.0389806
119000	0.0391086
119200	0.0395822
119400	0.0393745
119600	0.0395407
119800	0.0395757
120000	0.0444336
120200	0.0408148
120400	0.0394853
120600	0.0400039
120800	0.0412826
121000	0.0414
121200	0.0401212
121400	0.0401652
121600	0.0403533
121800	0.040404
122000	0.0413686
122200	0.0405168
122400	0.0407149
122600	0.0407758
122800	0.0502298
123000	0.0430567
123200	0.0405805
123400	0.0409056
123600	0.0421257
123800	0.0413782
124000	0.0406154
124200	0.0630354
124400	0.0752792
124600	0.0561654
124800	0.0674308
125000	0.0512463
125200	0.0420499
125400	0.0417227
125600	0.0427612
125800	0.0415231
126000	0.0413645
126200	0.0426594
126400	0.0432874
126600	0.0419264
126800	0.0591841
127000	0.0466102
127200	0.0423696
127400	0.0427648
127600	0.0420618
127800	0.0422811
128000	0.0422362
128200	0.042785
128400	0.0433135
128600	0.0443885
128800	0.0435899
129000	0.0430619
129200	0.0426649
129400	0.0747217
129600	0.0441299
129800	0.0435066
130000	0.0440224
130200	0.0448551
130400	0.0438062
130600	0.0436906
130800	0.0447774
131000	0.0446481
131200	0.045273
131400	0.0586255
131600	0.0746609
131800	0.0811661
132000	0.0777227
132200	0.0785295
132400	0.0857682
132600	0.0615521
132800	0.0846853
133000	0.0818619
133200	0.0624356
133400	0.0815735
133600	0.0596927
133800	0.0501124
134000	0.0465762
134200	0.0675204
134400	0.0814277
134600	0.0847351
134800	0.0862968
135000	0.0865923
135200	0.0612836
135400	0.0508937
135600	0.0460904
135800	0.0466185
136000	0.0465059
136200	0.046215
136400	0.0473099
136600	0.0464521
136800	0.0462647
137000	0.0729586
137200	0.0561092
137400	0.0488143
137600	0.0466882
137800	0.0480689
138000	0.0474569
138200	0.0466068
138400	0.0468894
138600	0.0469478
138800	0.0470765
139000	0.0475989
139200	0.0475599
139400	0.0486915
139600	0.0470776
139800	0.048818
140000	0.0481013
140200	0.0485197
140400	0.0480047
140600	0.0691508
140800	0.0893121
141000	0.0864312
141200	0.0897588
141400	0.0898758
141600	0.0932769
141800	0.0853949
142000	0.0867036
142200	0.054718
142400	0.0491217
142600	0.0490555
142800	0.048765
143000	0.0490885
143200	0.0489515
143400	0.0759807
143600	0.0565974
143800	0.0499837
144000	0.048879
144200	0.0490927
144400	0.049335
144600	0.0492706
144800	0.0624711
145000	0.0515805
145200	0.0699186
145400	0.0922139
145600	0.0858495
145800	0.0863353
146000	0.0917555
146200	0.0931775
146400	0.0661577
146600	0.0537922
146800	0.051338
147000	0.0510201
147200	0.0511099
147400	0.0757726
147600	0.0586181
147800	0.0511411
148000	0.0510861
148200	0.0519083
148400	0.0504336
148600	0.0504382
148800	0.0501292
149000	0.0509425
149200	0.0507401
149400	0.051338
149600	0.0517489
149800	0.0507381
150000	0.0517618
150200	0.0761763
150400	0.0856694
150600	0.090979
150800	0.0645467
151000	0.0536435
151200	0.0719685
151400	0.0807972
151600	0.0878691
151800	0.0543833
152000	0.0749662
152200	0.0851791
152400	0.0945613
152600	0.0674384
152800	0.0545137
153000	0.0523068
153200	0.0520557
153400	0.0521638
153600	0.0518006
153800	0.0524671
154000	0.0523496
154200	0.0524195
154400	0.0530302
154600	0.0523936
154800	0.0539276
155000	0.0527488
155200	0.0534031
155400	0.0527167
155600	0.0527263
155800	0.0531782
156000	0.0529564
156200	0.0535173
156400	0.0529649
156600	0.0529946
156800	0.0530283
157000	0.0532051
157200	0.0540521
157400	0.0808829
157600	0.0977425
157800	0.0827852
158000	0.0615294
158200	0.0544149
158400	0.095763
158600	0.0942184
158800	0.0908295
159000	0.0654338
159200	0.0861786
159400	0.0988322
159600	0.0965857
159800	0.0662198
160000	0.0838686
160200	0.0853492
160400	0.0574752
160600	0.0551907
160800	0.0571431
161000	0.0555767
161200	0.0806546
161400	0.0615259
161600	0.0563024
161800	0.0830831
162000	0.101136
162200	0.100488
162400	0.0701957
162600	0.0575366
162800	0.0568824
163000	0.0562131
163200	0.0562912
163400	0.0585359
163600	0.0785681
163800	0.0607612
164000	0.0558186
164200	0.09004
164400	0.0831146
164600	0.101526
164800	0.0984642
165000	0.0912377
165200	0.101528
165400	0.106747
165600	0.0971385
165800	0.0696887
166000	0.0950492
166200	0.102128
166400	0.0713099
166600	0.101326
166800	0.109298
167000	0.103885
167200	0.0710384
167400	0.0590238
167600	0.0664737
167800	0.0588831
168000	0.0577772
168200	0.0580337
168400	0.0583941
168600	0.0569994
168800	0.0801271
169000	0.0581341
169200	0.0574704
169400	0.0804554
169600	0.103342
169800	0.0991464
170000	0.096591
170200	0.0986851
170400	0.100562
170600	0.0927964
170800	0.068104
171000	0.0579722
171200	0.0821093
171400	0.104865
171600	0.106123
171800	0.0723432
172000	0.0611713
172200	0.0588536
172400	0.0883938
172600	0.0647121
172800	0.0857803
173000	0.066672
173200	0.0607236
173400	0.0592914
173600	0.0591482
173800	0.0593919
174000	0.0604846
174200	0.0591823
174400	0.0597099
174600	0.0600107
174800	0.0596721
175000	0.0597894
175200	0.0596286
175400	0.0600212
175600	0.0607929
175800	0.0599253
176000	0.0599665
176200	0.0603
176400	0.0607596
176600	0.060507
176800	0.0605211
177000	0.0606902
177200	0.0611065
177400	0.0619128
177600	0.0611498
177800	0.061164
178000	0.0611743
178200	0.0613075
178400	0.0607137
178600	0.0961209
178800	0.0699745
179000	0.0752312
179200	0.0636592
179400	0.100258
179600	0.109832
179800	0.10998
180000	0.074629
180200	0.0965207
180400	0.0698972
180600	0.063698
180800	0.0933313
181000	0.110203
181200	0.108618
181400	0.0684393
181600	0.0620394
181800	0.061975
182000	0.0624863
182200	0.0623785
182400	0.0623278
182600	0.0936898
182800	0.10162
183000	0.114725
183200	0.107226
183400	0.0638979
183600	0.102639
183800	0.0997418
184000	0.071298
184200	0.103272
184400	0.104327
184600	0.0680269
184800	0.0641376
185000	0.0916849
185200	0.0989763
185400	0.113896
185600	0.0905486
185800	0.111878
186000	0.107151
186200	0.0743927
186400	0.102424
186600	0.112623
186800	0.108237
187000	0.107899
187200	0.103969
187400	0.0734954
187600	0.115323
187800	0.110097
188000	0.0753932
188200	0.0650782
188400	0.0643782
188600	0.0664287
188800	0.0954742
189000	0.0718282
189200	0.0992
189400	0.105643
189600	0.109268
189800	0.101504
190000	0.0670579
190200	0.0659884
190400	0.0924526
190600	0.0708162
190800	0.075767
191000	0.0658126
191200	0.0923145
191400	0.102057
191600	0.106532
191800	0.112901
192000	0.0777037
192200	0.101859
192400	0.116055
192600	0.115787
192800	0.116229
193000	0.0783966
193200	0.110347
193400	0.0974209
193600	0.119967
193800	0.0892915
194000	0.0683435
194200	0.106546
194400	0.066566
194600	0.102692
194800	0.101119
195000	0.116531
195200	0.112761
195400	0.109007
195600	0.113999
195800	0.0767268
196000	0.0673939
196200	0.0997966
196400	0.112555
196600	0.116874
196800	0.113625
197000	0.108895
197200	0.117872
197400	0.118237
197600	0.118095
197800	0.118367
198000	0.103108
198200	0.100909
198400	0.0749399
198600	0.0676242
198800	0.0675917
199000	0.0679488
199200	0.068735
199400	0.100473
199600	0.115318
199800	0.109154
200000	0.0696306
